Add
	0000 0000 0010 0010 0001 1000 0010 0000
	00221820
Addi
	0010 0000 0010 0100 0000 0000 0000 1000
	20240008
And
	0000 0000 0010 0010 0001 1000 0010 0100
	00221824
Andi
	0011 0000 0010 0100 0000 0000 0000 1000
	30240008
Or
	0000 0000 0010 0010 0001 1000 0010 0101
	00221825
Ori
	0011 0100 0010 0100 0000 0000 0000 1000
	34240008
Sub
	0000 0000 0110 0010 0001 1000 0010 0010
	00621822
Subi
	0111 1100 1110 0100 0000 0000 0000 0001
	7CE40001
Slt
	0000 0000 0010 0010 0001 1000 0010 1010
	0022182A
Slti
	0010 1000 0010 0100 0000 0000 0000 1000
	28240008
Nor
	0000 0000 0010 0010 0001 1000 0010 0111
	00221827




